dose(0) = 0.04883333444595337
dose(1) = 0.0
dose(2) = 0.0
dose(3) = 0.0
dose(4) = 0.0
dose(5) = 0.04883333444595337
dose(6) = 0.0
dose(7) = 0.0
dose(8) = 0.0
dose(9) = 0.0
dose(10) = 0.04883333444595337
dose(11) = 0.0
dose(12) = 0.0
dose(13) = 0.0
dose(14) = 0.0
dose(15) = 0.04883333444595337
dose(16) = 0.0
dose(17) = 0.0
dose(18) = 0.0
dose(19) = 0.0
dose(20) = 0.04883333444595337
dose(21) = 0.0
dose(22) = 0.0
dose(23) = 0.0
dose(24) = 0.0
dose(25) = 0.04883333444595337
dose(26) = 0.0
dose(27) = 0.0
dose(28) = 0.0
dose(29) = 0.0
dose(30) = 0.04883333444595337
dose(31) = 0.0
dose(32) = 0.0
dose(33) = 0.0
dose(34) = 0.0
dose(35) = 0.04883333444595337
dose(36) = 0.0
dose(37) = 0.0
dose(38) = 0.0
dose(39) = 0.0
dose(40) = 0.04883333444595337
dose(41) = 0.0
dose(42) = 0.0
dose(43) = 0.0
dose(44) = 0.0
dose(45) = 0.04883333444595337
dose(46) = 0.0
dose(47) = 0.0
dose(48) = 0.0
dose(49) = 0.0
dose(50) = 0.04883333444595337
dose(51) = 0.0
dose(52) = 0.0
dose(53) = 0.0
dose(54) = 0.0
dose(55) = 0.04883333444595337
dose(56) = 0.0
dose(57) = 0.0
dose(58) = 0.0
dose(59) = 0.0
